        -22
        -66
         54
         -5
         28
         74
        -19
          8
         87
        -58
         25
        -21
        -11
         21
        -61
        -55
       -100
         62
          8
         99
        -26
        -76
         60
        -32
         -2
        -62
         82
         52
         -8
          3
          8
         45
         83
         29
        -94
         67
        -74
         95
         24
        -17
         51
        -27
         20
        -81
         51
         11
         93
         57
         -5
         31
         32
         -3
         50
         61
        -19
         76
        -89
         32
        -50
        -59
        -73
         99
        -28
         84
        -53
        -14
         79
         60
         -1
        -65
         61
         58
         86
          6
         39
        -32
         31
        -25
         38
         95
         43
        -15
        -38
         77
        -36
         23
         71
        -68
        -57
        -83
        -66
        -71
        -21
         13
        -18
         -2
         47
         30
        -74
         15
         74
         24
        -24
        -11
         35
         37
        -95
         53
        -72
         83
         77
        -77
         66
        -61
        -67
          0
        -12
         51
         83
        -28
        -78
        -75
        -89
         54
        -31
         67
         91
         43
        -69
         78
        -68
        -21
         45
        -95
        -72
        -87
         14
         60
         97
        -18
        -81
         89
        -73
         12
        -70
         89
        -47
         89
         86
         72
        -23
        -88
         67
        -68
         72
        -85
        -22
        -76
        -31
        -91
         33
        -88
        -14
        -63
        -43
        -10
        -58
        -41
         54
        -36
        -91
         27
        -82
        -50
         65
        -99
          1
         83
        -46
         49
        -76
        -80
        -92
        -69
        -37
         38
         46
        -45
        -92
         66
         -3
        -35
         12
         44
         -2
         97
          5
         -1
        -97
         40
         65
         -9
       -100
        -40
         43
          2
        -58
         -1
        -30
         -5
        -34
         45
         86
          1
        -85
         -7
        -70
        -43
        -29
         27
        -65
        -54
         98
         70
        -86
         48
         99
        -17
         22
         89
         -9
        -57
         20
         43
         80
        -71
         30
        -66
        -60
        -94
        -74
        -12
         -9
        -65
         39
        -62
         -1
         10
         90
        -64
         86
        -50
        -26
         33
        -33
          4
         80
         -5
        -64
        -93
        -86
         39
        -13
          0
         65
         54
        -39
        -67
        -39
         95
         43
        -85
        -72
         62
          4
        -89
         14
        -86
         92
         56
         52
        -99
         85
        -70
        -22
        -78
        -91
        -87
         48
        -37
          7
         76
         91
        -50
        -17
         61
         54
         70
         84
         61
         59
        -99
         57
         63
        -88
        -57
        -44
        -63
         77
        -86
        -98
         33
        -57
        -44
         43
         28
        -24
        -15
        100
          5
        -99
        -30
         69
        -37
        -94
         76
        -16
         33
        -12
         39
        -30
         52
        -97
        -29
         -1
        -14
        -88
         -6
        -95
        -48
         52
         20
         61
         50
         71
         91
         99
         10
         86
        -11
        -48
         20
         80
          3
        -12
         93
         16
        -58
        -77
         68
         55
        -91
        -34
         97
        -41
          8
        -97
         60
        -45
        -16
        -97
        -53
         29
         83
         45
        -64
         93
        -33
        -87
        -70
        -62
        -38
        -39
         95
         -3
        -26
        -12
         86
        -90
        -22
          3
         -8
         72
         95
         54
         40
         86
         81
         87
        -82
        -88
         28
        -86
        -96
         60
          8
        -96
        -27
        -36
        -52
        -19
        -82
         28
        -46
        -72
        -63
        -54
         -9
         70
         52
        -51
        -64
         -3
         85
         -3
         77
        -56
         -4
         31
         19
        -39
       -100
        -60
        -70
         -4
         13
        -28
         -7
         47
         22
        -99
         68
        -80
          5
        -82
         -8
         51
        -94
         96
        -29
         61
         49
         79
          6
        -28
         50
         38
        -37
        -27
          3
         91
        -75
        -64
        -87
        -37
         90
         57
        -64
         73
         42
          1
         57
         78
        -94
         96
        -72
        -12
        -36
         91
         -6
         14
        -29
        -68
        -69
        -45
        -62
         71
         60
         29
         22
         35
        -48
         27
         50
         14
         38
         78
         -9
        -53
         27
        -77
        -73
        -65
         99
         95
        -20
         72
        -27
         15
         20
        -49
         20
          1
        -81
         52
        -59
        -21
        -29
        -30
        -36
         99
         -9
          8
        -78
        -65
         57
         95
         27
         95
         44
        -47
         49
        -65
          2
        -57
        -22
         -1
         44
        -48
         79
        -33
        -28
        -79
         22
        -85
        -92
         82
         52
        -34
        -32
         42
         96
         65
        -60
         63
        -33
         65
        -95
        -74
        -11
         46
         52
         74
        -68
         72
         67
         99
         -8
         43
        -81
         40
         88
        -73
        -12
          3
          5
         71
         93
         21
        -85
         56
